1 29
1 172
1 263
1 287
1 298
1 363
29 322
172 274
172 332
172 366
263 291
287 34
287 290
287 385
363 2
363 421
2 167
2 242
2 277
167 255
167 360
242 4
242 153
242 211
242 292
277 239
277 404
277 405
3 71
3 334
3 427
71 198
71 227
71 335
334 62
4 153
153 255
5 281
5 391
281 181
281 246
281 337
391 88
391 212
391 228
6 77
6 351
77 102
77 128
77 262
77 288
351 201
7 9
7 95
7 102
7 236
9 97
9 189
9 201
95 38
95 55
95 131
102 38
102 67
102 194
102 200
102 262
236 131
8 221
8 388
8 428
221 18
221 24
221 28
221 82
221 87
221 129
221 235
221 278
221 279
388 82
388 225
388 235
388 358
428 164
97 189
97 201
189 111
189 128
189 183
189 204
201 197
10 151
10 292
10 332
10 344
10 361
151 144
151 166
292 224
292 332
332 37
332 211
332 366
344 144
344 224
344 276
344 318
344 390
11 17
11 36
11 68
11 185
17 16
17 185
17 215
36 15
68 12
185 136
185 215
12 15
12 41
12 112
12 164
12 169
12 234
12 246
12 248
12 359
15 13
15 84
15 169
15 175
15 246
41 109
112 110
112 175
112 359
164 18
164 26
164 109
164 300
164 358
169 246
169 248
234 52
234 103
234 109
234 250
246 84
246 92
246 109
246 181
248 109
359 16
359 215
13 14
14 300
300 109
215 110
18 56
18 275
18 358
18 368
18 398
18 426
56 275
275 24
275 121
275 133
275 162
358 26
368 49
368 284
398 87
398 397
426 82
426 225
426 284
19 65
19 421
65 360
20 24
20 270
21 129
21 202
202 279
202 424
22 247
22 414
247 203
414 342
414 343
414 377
414 401
23 356
23 382
356 44
356 331
382 107
25 274
27 205
27 407
205 127
205 217
205 313
205 407
407 195
28 119
28 200
119 133
119 227
119 262
200 80
200 94
200 282
200 294
200 412
322 89
322 399
30 69
30 314
30 425
69 196
69 331
314 42
314 325
314 425
425 61
425 73
425 196
425 331
425 387
31 128
31 181
31 227
31 245
128 73
128 83
128 204
128 209
128 227
128 229
128 310
128 320
128 324
128 331
128 336
128 353
128 354
181 92
181 155
181 244
181 328
227 204
227 245
245 165
245 219
245 328
32 33
33 44
33 75
33 108
33 238
44 108
44 134
75 196
75 223
108 238
34 106
34 385
106 343
106 362
106 415
385 255
35 82
82 225
82 284
82 355
37 89
37 258
89 135
89 180
89 315
258 232
258 233
258 315
38 55
39 96
96 116
96 271
40 116
40 369
116 113
116 375
369 146
369 225
109 52
42 48
42 305
42 310
42 331
48 313
305 60
305 74
305 188
305 307
305 311
310 177
310 229
310 303
310 312
310 331
331 60
331 154
331 312
43 304
43 417
304 393
417 293
134 145
134 231
45 183
45 198
198 111
198 335
46 86
46 88
46 114
46 163
46 295
46 343
46 350
86 78
86 88
86 163
86 228
86 286
86 390
86 415
88 92
88 98
114 212
163 228
163 285
163 295
163 297
343 47
343 123
343 193
343 268
343 367
343 384
350 193
350 337
47 170
47 193
47 362
47 395
170 184
170 193
193 184
193 187
193 252
193 367
193 384
193 396
362 101
395 272
395 273
395 366
49 284
284 138
284 146
50 64
50 353
50 424
64 154
353 93
353 154
424 329
424 341
424 345
424 392
424 412
51 143
51 345
143 345
345 420
345 422
53 203
53 420
53 422
203 156
203 400
203 429
420 57
54 338
338 152
338 340
338 418
57 191
57 257
57 260
57 321
191 317
257 107
257 392
260 171
260 269
260 339
321 249
321 376
58 306
58 309
306 308
309 147
309 220
59 333
333 222
333 402
60 130
60 154
60 209
60 240
130 100
130 154
130 254
130 280
130 323
154 74
154 294
154 392
240 79
61 387
387 137
387 299
62 207
207 197
63 178
63 296
63 357
178 296
178 299
296 150
296 196
357 223
360 381
66 373
66 429
373 347
429 347
67 80
80 262
80 340
70 312
312 231
72 140
72 393
140 364
73 85
73 208
85 83
208 133
208 409
208 419
74 229
74 307
74 394
74 419
229 254
307 147
307 389
394 188
76 148
76 159
76 230
76 348
148 157
230 265
348 261
348 289
288 126
78 276
276 390
79 325
79 403
403 220
81 99
81 254
99 303
254 118
254 402
225 87
225 94
225 173
225 370
228 286
228 352
228 396
415 352
415 396
87 138
87 182
182 162
92 155
92 214
92 371
98 337
135 259
180 91
180 224
180 315
315 91
315 132
315 179
315 251
315 252
315 253
315 380
315 384
315 416
90 341
341 139
341 194
341 282
341 370
91 123
91 174
91 224
91 268
91 318
91 365
91 384
174 318
174 365
224 255
224 365
224 366
268 366
384 233
384 380
384 416
155 214
93 127
337 212
337 316
100 222
101 396
194 133
103 219
103 241
103 411
219 378
241 378
104 190
190 301
190 327
105 149
149 110
115 269
269 141
117 319
319 210
319 290
118 409
120 255
255 423
121 301
121 370
122 226
226 374
124 249
125 213
213 195
126 152
320 195
324 336
336 195
354 142
354 392
231 160
259 293
137 383
139 235
364 157
141 282
144 374
146 278
147 177
177 266
166 423
158 326
158 408
408 218
408 267
408 302
161 261
161 289
162 264
162 267
264 267
264 349
423 406
168 176
168 250
171 329
366 211
366 233
173 386
266 237
266 346
299 206
244 316
244 372
186 346
327 192
317 265
192 216
192 413
199 243
243 291
217 330
330 311
220 379
239 404
239 405
404 405
251 253
256 397
349 302
272 273
283 410
283 418
410 376
308 389
