0 17
0 50
0 75
0 28
0 65
1 5
1 77
1 78
1 46
1 87
1 24
1 90
1 60
2 32
2 56
2 42
2 11
2 6
3 58
3 66
3 7
4 34
4 67
4 8
4 44
4 22
4 55
4 58
4 91
5 9
5 12
5 77
5 46
5 16
5 81
5 19
5 21
5 24
5 27
5 60
5 78
6 32
6 56
6 42
6 63
8 67
8 44
8 48
8 20
8 22
8 68
9 51
9 40
9 80
9 12
9 13
9 78
9 16
9 81
9 19
9 89
9 24
9 25
9 27
9 61
9 31
10 83
10 33
10 18
10 51
10 54
11 32
11 56
11 42
11 29
12 33
12 78
12 16
12 81
12 19
12 21
12 27
12 60
13 33
13 83
13 51
13 16
13 81
13 18
13 19
13 54
13 25
13 27
13 61
13 31
14 91
14 74
14 55
14 76
14 47
15 34
15 37
15 39
15 66
15 80
15 87
15 89
15 58
15 59
15 26
16 33
16 51
16 78
16 81
16 19
16 21
16 27
16 60
16 31
17 65
17 85
17 70
17 23
18 33
18 83
18 51
18 19
18 54
19 33
19 78
19 81
19 51
19 21
19 54
19 27
20 67
20 71
20 44
20 79
20 48
20 88
21 81
21 27
22 34
22 67
22 44
22 79
22 58
22 91
23 65
23 70
23 43
23 84
23 85
23 30
24 37
24 40
24 78
24 80
24 87
24 89
24 26
24 59
25 83
25 51
25 52
25 27
25 61
25 31
26 34
26 37
26 39
26 40
26 66
26 80
26 87
26 89
26 58
26 59
27 33
27 51
27 40
27 78
27 81
27 54
27 61
27 31
28 65
28 70
28 38
28 30
29 32
29 56
29 62
29 72
30 65
30 70
30 38
31 33
31 83
31 40
31 81
31 51
31 52
31 54
31 61
32 72
32 42
32 56
32 62
33 51
33 83
33 81
33 54
34 66
34 59
34 39
34 47
34 55
34 58
35 41
35 86
35 38
36 64
36 88
37 39
37 40
37 80
37 87
37 89
37 59
38 86
39 59
39 87
39 47
39 55
39 58
40 80
40 52
40 87
40 89
40 61
41 86
42 56
42 63
43 84
43 85
44 67
44 48
44 68
45 64
45 49
45 82
45 79
45 71
46 73
46 77
46 78
46 90
46 60
47 59
47 55
47 91
48 64
48 67
48 68
48 71
48 79
48 88
49 57
49 74
49 76
49 69
50 57
50 75
50 69
51 83
51 81
51 54
51 61
52 61
53 90
53 60
53 77
53 63
54 83
54 81
55 91
55 58
55 59
57 69
57 74
57 75
57 76
58 66
58 59
59 73
59 87
59 80
59 89
60 77
60 90
60 78
61 81
62 72
63 90
63 77
64 71
64 82
64 88
65 70
65 75
67 79
67 68
71 82
71 88
73 90
74 75
74 76
77 90
78 80
78 81
78 87
78 89
80 87
80 89
87 89